"","site","doy","smooth_gcc_90_mean","smooth_gcc_90_drought","drought_impact_absolute","map","mat","control_years","drought_years"
"1","jernovel2",1,0.3223,NA,NA,256.348636363636,16.0606843088418,2,NA
"2","jernovel2",2,0.322385,NA,NA,256.348636363636,16.0606843088418,2,NA
"3","jernovel2",3,0.32253,NA,NA,256.348636363636,16.0606843088418,2,NA
"4","jernovel2",4,0.32293,NA,NA,256.348636363636,16.0606843088418,2,NA
"5","jernovel2",5,0.32376,NA,NA,256.348636363636,16.0606843088418,2,NA
"6","jernovel2",6,0.32438,NA,NA,256.348636363636,16.0606843088418,2,NA
"7","jernovel2",7,0.32466,NA,NA,256.348636363636,16.0606843088418,2,NA
"8","jernovel2",8,0.324595,NA,NA,256.348636363636,16.0606843088418,2,NA
"9","jernovel2",9,0.32434,NA,NA,256.348636363636,16.0606843088418,2,NA
"10","jernovel2",10,0.324125,NA,NA,256.348636363636,16.0606843088418,2,NA
"11","jernovel2",11,0.323575,NA,NA,256.348636363636,16.0606843088418,2,NA
"12","jernovel2",12,0.322835,NA,NA,256.348636363636,16.0606843088418,2,NA
"13","jernovel2",13,0.321925,NA,NA,256.348636363636,16.0606843088418,2,NA
"14","jernovel2",14,0.32132,NA,NA,256.348636363636,16.0606843088418,2,NA
"15","jernovel2",15,0.32087,NA,NA,256.348636363636,16.0606843088418,2,NA
"16","jernovel2",16,0.320475,NA,NA,256.348636363636,16.0606843088418,2,NA
"17","jernovel2",17,0.323485,NA,NA,256.348636363636,16.0606843088418,2,NA
"18","jernovel2",18,0.326705,NA,NA,256.348636363636,16.0606843088418,2,NA
"19","jernovel2",19,0.326755,NA,NA,256.348636363636,16.0606843088418,2,NA
"20","jernovel2",20,0.324575,NA,NA,256.348636363636,16.0606843088418,2,NA
"21","jernovel2",21,0.322335,NA,NA,256.348636363636,16.0606843088418,2,NA
"22","jernovel2",22,0.32047,NA,NA,256.348636363636,16.0606843088418,2,NA
"23","jernovel2",23,0.319765,NA,NA,256.348636363636,16.0606843088418,2,NA
"24","jernovel2",24,0.320285,NA,NA,256.348636363636,16.0606843088418,2,NA
"25","jernovel2",25,0.320975,NA,NA,256.348636363636,16.0606843088418,2,NA
"26","jernovel2",26,0.321785,NA,NA,256.348636363636,16.0606843088418,2,NA
"27","jernovel2",27,0.32237,NA,NA,256.348636363636,16.0606843088418,2,NA
"28","jernovel2",28,0.32232,NA,NA,256.348636363636,16.0606843088418,2,NA
"29","jernovel2",29,0.32171,NA,NA,256.348636363636,16.0606843088418,2,NA
"30","jernovel2",30,0.320425,NA,NA,256.348636363636,16.0606843088418,2,NA
"31","jernovel2",31,0.31937,NA,NA,256.348636363636,16.0606843088418,2,NA
"32","jernovel2",32,0.31856,NA,NA,256.348636363636,16.0606843088418,2,NA
"33","jernovel2",33,0.31849,NA,NA,256.348636363636,16.0606843088418,2,NA
"34","jernovel2",34,0.31907,NA,NA,256.348636363636,16.0606843088418,2,NA
"35","jernovel2",35,0.319825,NA,NA,256.348636363636,16.0606843088418,2,NA
"36","jernovel2",36,0.32084,NA,NA,256.348636363636,16.0606843088418,2,NA
"37","jernovel2",37,0.3215,NA,NA,256.348636363636,16.0606843088418,2,NA
"38","jernovel2",38,0.322075,NA,NA,256.348636363636,16.0606843088418,2,NA
"39","jernovel2",39,0.321845,NA,NA,256.348636363636,16.0606843088418,2,NA
"40","jernovel2",40,0.321645,NA,NA,256.348636363636,16.0606843088418,2,NA
"41","jernovel2",41,0.321275,NA,NA,256.348636363636,16.0606843088418,2,NA
"42","jernovel2",42,0.321,NA,NA,256.348636363636,16.0606843088418,2,NA
"43","jernovel2",43,0.320615,NA,NA,256.348636363636,16.0606843088418,2,NA
"44","jernovel2",44,0.32041,NA,NA,256.348636363636,16.0606843088418,2,NA
"45","jernovel2",45,0.32018,NA,NA,256.348636363636,16.0606843088418,2,NA
"46","jernovel2",46,0.319955,NA,NA,256.348636363636,16.0606843088418,2,NA
"47","jernovel2",47,0.319755,NA,NA,256.348636363636,16.0606843088418,2,NA
"48","jernovel2",48,0.31956,NA,NA,256.348636363636,16.0606843088418,2,NA
"49","jernovel2",49,0.31933,NA,NA,256.348636363636,16.0606843088418,2,NA
"50","jernovel2",50,0.31906,NA,NA,256.348636363636,16.0606843088418,2,NA
"51","jernovel2",51,0.3189,NA,NA,256.348636363636,16.0606843088418,2,NA
"52","jernovel2",52,0.319015,NA,NA,256.348636363636,16.0606843088418,2,NA
"53","jernovel2",53,0.319275,NA,NA,256.348636363636,16.0606843088418,2,NA
"54","jernovel2",54,0.319545,NA,NA,256.348636363636,16.0606843088418,2,NA
"55","jernovel2",55,0.31941,NA,NA,256.348636363636,16.0606843088418,2,NA
"56","jernovel2",56,0.3191,NA,NA,256.348636363636,16.0606843088418,2,NA
"57","jernovel2",57,0.31863,NA,NA,256.348636363636,16.0606843088418,2,NA
"58","jernovel2",58,0.31809,NA,NA,256.348636363636,16.0606843088418,2,NA
"59","jernovel2",59,0.31745,NA,NA,256.348636363636,16.0606843088418,2,NA
"60","jernovel2",60,0.317055,NA,NA,256.348636363636,16.0606843088418,2,NA
"61","jernovel2",61,0.31697,NA,NA,256.348636363636,16.0606843088418,2,NA
"62","jernovel2",62,0.31718,NA,NA,256.348636363636,16.0606843088418,2,NA
"63","jernovel2",63,0.31753,NA,NA,256.348636363636,16.0606843088418,2,NA
"64","jernovel2",64,0.3178,NA,NA,256.348636363636,16.0606843088418,2,NA
"65","jernovel2",65,0.318115,NA,NA,256.348636363636,16.0606843088418,2,NA
"66","jernovel2",66,0.31835,NA,NA,256.348636363636,16.0606843088418,2,NA
"67","jernovel2",67,0.318555,NA,NA,256.348636363636,16.0606843088418,2,NA
"68","jernovel2",68,0.31867,NA,NA,256.348636363636,16.0606843088418,2,NA
"69","jernovel2",69,0.31868,NA,NA,256.348636363636,16.0606843088418,2,NA
"70","jernovel2",70,0.31867,NA,NA,256.348636363636,16.0606843088418,2,NA
"71","jernovel2",71,0.318665,NA,NA,256.348636363636,16.0606843088418,2,NA
"72","jernovel2",72,0.318505,NA,NA,256.348636363636,16.0606843088418,2,NA
"73","jernovel2",73,0.31799,NA,NA,256.348636363636,16.0606843088418,2,NA
"74","jernovel2",74,0.317265,NA,NA,256.348636363636,16.0606843088418,2,NA
"75","jernovel2",75,0.31669,NA,NA,256.348636363636,16.0606843088418,2,NA
"76","jernovel2",76,0.316235,NA,NA,256.348636363636,16.0606843088418,2,NA
"77","jernovel2",77,0.316085,NA,NA,256.348636363636,16.0606843088418,2,NA
"78","jernovel2",78,0.315915,NA,NA,256.348636363636,16.0606843088418,2,NA
"79","jernovel2",79,0.315975,NA,NA,256.348636363636,16.0606843088418,2,NA
"80","jernovel2",80,0.31605,NA,NA,256.348636363636,16.0606843088418,2,NA
"81","jernovel2",81,0.316265,NA,NA,256.348636363636,16.0606843088418,2,NA
"82","jernovel2",82,0.31605,NA,NA,256.348636363636,16.0606843088418,2,NA
"83","jernovel2",83,0.315755,NA,NA,256.348636363636,16.0606843088418,2,NA
"84","jernovel2",84,0.31524,NA,NA,256.348636363636,16.0606843088418,2,NA
"85","jernovel2",85,0.314865,NA,NA,256.348636363636,16.0606843088418,2,NA
"86","jernovel2",86,0.31443,NA,NA,256.348636363636,16.0606843088418,2,NA
"87","jernovel2",87,0.314435,NA,NA,256.348636363636,16.0606843088418,2,NA
"88","jernovel2",88,0.314575,NA,NA,256.348636363636,16.0606843088418,2,NA
"89","jernovel2",89,0.314945,NA,NA,256.348636363636,16.0606843088418,2,NA
"90","jernovel2",90,0.31525,NA,NA,256.348636363636,16.0606843088418,2,NA
"91","jernovel2",91,0.315575,NA,NA,256.348636363636,16.0606843088418,2,NA
"92","jernovel2",92,0.31565,NA,NA,256.348636363636,16.0606843088418,2,NA
"93","jernovel2",93,0.31561,NA,NA,256.348636363636,16.0606843088418,2,NA
"94","jernovel2",94,0.31545,NA,NA,256.348636363636,16.0606843088418,2,NA
"95","jernovel2",95,0.315565,NA,NA,256.348636363636,16.0606843088418,2,NA
"96","jernovel2",96,0.31589,NA,NA,256.348636363636,16.0606843088418,2,NA
"97","jernovel2",97,0.31625,NA,NA,256.348636363636,16.0606843088418,2,NA
"98","jernovel2",98,0.316445,NA,NA,256.348636363636,16.0606843088418,2,NA
"99","jernovel2",99,0.316515,NA,NA,256.348636363636,16.0606843088418,2,NA
"100","jernovel2",100,0.316525,NA,NA,256.348636363636,16.0606843088418,2,NA
"101","jernovel2",101,0.31643,NA,NA,256.348636363636,16.0606843088418,2,NA
"102","jernovel2",102,0.316165,NA,NA,256.348636363636,16.0606843088418,2,NA
"103","jernovel2",103,0.31576,NA,NA,256.348636363636,16.0606843088418,2,NA
"104","jernovel2",104,0.315295,NA,NA,256.348636363636,16.0606843088418,2,NA
"105","jernovel2",105,0.31489,NA,NA,256.348636363636,16.0606843088418,2,NA
"106","jernovel2",106,0.314615,NA,NA,256.348636363636,16.0606843088418,2,NA
"107","jernovel2",107,0.314535,NA,NA,256.348636363636,16.0606843088418,2,NA
"108","jernovel2",108,0.314675,NA,NA,256.348636363636,16.0606843088418,2,NA
"109","jernovel2",109,0.315195,NA,NA,256.348636363636,16.0606843088418,2,NA
"110","jernovel2",110,0.315955,NA,NA,256.348636363636,16.0606843088418,2,NA
"111","jernovel2",111,0.3167,NA,NA,256.348636363636,16.0606843088418,2,NA
"112","jernovel2",112,0.317555,NA,NA,256.348636363636,16.0606843088418,2,NA
"113","jernovel2",113,0.31828,NA,NA,256.348636363636,16.0606843088418,2,NA
"114","jernovel2",114,0.31913,NA,NA,256.348636363636,16.0606843088418,2,NA
"115","jernovel2",115,0.32012,NA,NA,256.348636363636,16.0606843088418,2,NA
"116","jernovel2",116,0.321315,NA,NA,256.348636363636,16.0606843088418,2,NA
"117","jernovel2",117,0.323085,NA,NA,256.348636363636,16.0606843088418,2,NA
"118","jernovel2",118,0.32572,NA,NA,256.348636363636,16.0606843088418,2,NA
"119","jernovel2",119,0.32963,NA,NA,256.348636363636,16.0606843088418,2,NA
"120","jernovel2",120,0.33431,NA,NA,256.348636363636,16.0606843088418,2,NA
"121","jernovel2",121,0.339415,NA,NA,256.348636363636,16.0606843088418,2,NA
"122","jernovel2",122,0.344705,NA,NA,256.348636363636,16.0606843088418,2,NA
"123","jernovel2",123,0.350085,NA,NA,256.348636363636,16.0606843088418,2,NA
"124","jernovel2",124,0.355305,NA,NA,256.348636363636,16.0606843088418,2,NA
"125","jernovel2",125,0.36018,NA,NA,256.348636363636,16.0606843088418,2,NA
"126","jernovel2",126,0.3645,NA,NA,256.348636363636,16.0606843088418,2,NA
"127","jernovel2",127,0.368575,NA,NA,256.348636363636,16.0606843088418,2,NA
"128","jernovel2",128,0.37207,NA,NA,256.348636363636,16.0606843088418,2,NA
"129","jernovel2",129,0.374855,NA,NA,256.348636363636,16.0606843088418,2,NA
"130","jernovel2",130,0.3767,NA,NA,256.348636363636,16.0606843088418,2,NA
"131","jernovel2",131,0.377915,NA,NA,256.348636363636,16.0606843088418,2,NA
"132","jernovel2",132,0.37867,NA,NA,256.348636363636,16.0606843088418,2,NA
"133","jernovel2",133,0.379515,NA,NA,256.348636363636,16.0606843088418,2,NA
"134","jernovel2",134,0.38035,NA,NA,256.348636363636,16.0606843088418,2,NA
"135","jernovel2",135,0.38106,NA,NA,256.348636363636,16.0606843088418,2,NA
"136","jernovel2",136,0.381425,NA,NA,256.348636363636,16.0606843088418,2,NA
"137","jernovel2",137,0.381345,NA,NA,256.348636363636,16.0606843088418,2,NA
"138","jernovel2",138,0.380595,NA,NA,256.348636363636,16.0606843088418,2,NA
"139","jernovel2",139,0.37964,NA,NA,256.348636363636,16.0606843088418,2,NA
"140","jernovel2",140,0.378335,NA,NA,256.348636363636,16.0606843088418,2,NA
"141","jernovel2",141,0.37718,NA,NA,256.348636363636,16.0606843088418,2,NA
"142","jernovel2",142,0.37615,NA,NA,256.348636363636,16.0606843088418,2,NA
"143","jernovel2",143,0.37565,NA,NA,256.348636363636,16.0606843088418,2,NA
"144","jernovel2",144,0.37542,NA,NA,256.348636363636,16.0606843088418,2,NA
"145","jernovel2",145,0.375575,NA,NA,256.348636363636,16.0606843088418,2,NA
"146","jernovel2",146,0.375885,NA,NA,256.348636363636,16.0606843088418,2,NA
"147","jernovel2",147,0.37632,NA,NA,256.348636363636,16.0606843088418,2,NA
"148","jernovel2",148,0.3766,NA,NA,256.348636363636,16.0606843088418,2,NA
"149","jernovel2",149,0.37684,NA,NA,256.348636363636,16.0606843088418,2,NA
"150","jernovel2",150,0.376715,NA,NA,256.348636363636,16.0606843088418,2,NA
"151","jernovel2",151,0.37625,NA,NA,256.348636363636,16.0606843088418,2,NA
"152","jernovel2",152,0.37575,NA,NA,256.348636363636,16.0606843088418,2,NA
"153","jernovel2",153,0.37546,NA,NA,256.348636363636,16.0606843088418,2,NA
"154","jernovel2",154,0.375385,NA,NA,256.348636363636,16.0606843088418,2,NA
"155","jernovel2",155,0.375285,NA,NA,256.348636363636,16.0606843088418,2,NA
"156","jernovel2",156,0.37519,NA,NA,256.348636363636,16.0606843088418,2,NA
"157","jernovel2",157,0.37497,NA,NA,256.348636363636,16.0606843088418,2,NA
"158","jernovel2",158,0.37409,NA,NA,256.348636363636,16.0606843088418,2,NA
"159","jernovel2",159,0.373005,NA,NA,256.348636363636,16.0606843088418,2,NA
"160","jernovel2",160,0.371915,NA,NA,256.348636363636,16.0606843088418,2,NA
"161","jernovel2",161,0.37112,NA,NA,256.348636363636,16.0606843088418,2,NA
"162","jernovel2",162,0.37032,NA,NA,256.348636363636,16.0606843088418,2,NA
"163","jernovel2",163,0.369595,NA,NA,256.348636363636,16.0606843088418,2,NA
"164","jernovel2",164,0.369285,NA,NA,256.348636363636,16.0606843088418,2,NA
"165","jernovel2",165,0.369235,NA,NA,256.348636363636,16.0606843088418,2,NA
"166","jernovel2",166,0.36944,NA,NA,256.348636363636,16.0606843088418,2,NA
"167","jernovel2",167,0.369425,NA,NA,256.348636363636,16.0606843088418,2,NA
"168","jernovel2",168,0.369555,NA,NA,256.348636363636,16.0606843088418,2,NA
"169","jernovel2",169,0.3696,NA,NA,256.348636363636,16.0606843088418,2,NA
"170","jernovel2",170,0.36978,NA,NA,256.348636363636,16.0606843088418,2,NA
"171","jernovel2",171,0.36978,NA,NA,256.348636363636,16.0606843088418,2,NA
"172","jernovel2",172,0.36951,NA,NA,256.348636363636,16.0606843088418,2,NA
"173","jernovel2",173,0.369545,NA,NA,256.348636363636,16.0606843088418,2,NA
"174","jernovel2",174,0.369255,NA,NA,256.348636363636,16.0606843088418,2,NA
"175","jernovel2",175,0.36926,NA,NA,256.348636363636,16.0606843088418,2,NA
"176","jernovel2",176,0.36914,NA,NA,256.348636363636,16.0606843088418,2,NA
"177","jernovel2",177,0.3696,NA,NA,256.348636363636,16.0606843088418,2,NA
"178","jernovel2",178,0.37007,NA,NA,256.348636363636,16.0606843088418,2,NA
"179","jernovel2",179,0.370695,NA,NA,256.348636363636,16.0606843088418,2,NA
"180","jernovel2",180,0.371235,NA,NA,256.348636363636,16.0606843088418,2,NA
"181","jernovel2",181,0.371025,NA,NA,256.348636363636,16.0606843088418,2,NA
"182","jernovel2",182,0.370475,NA,NA,256.348636363636,16.0606843088418,2,NA
"183","jernovel2",183,0.369565,NA,NA,256.348636363636,16.0606843088418,2,NA
"184","jernovel2",184,0.36859,NA,NA,256.348636363636,16.0606843088418,2,NA
"185","jernovel2",185,0.368395,NA,NA,256.348636363636,16.0606843088418,2,NA
"186","jernovel2",186,0.36844,NA,NA,256.348636363636,16.0606843088418,2,NA
"187","jernovel2",187,0.369065,NA,NA,256.348636363636,16.0606843088418,2,NA
"188","jernovel2",188,0.369395,NA,NA,256.348636363636,16.0606843088418,2,NA
"189","jernovel2",189,0.36996,NA,NA,256.348636363636,16.0606843088418,2,NA
"190","jernovel2",190,0.37024,NA,NA,256.348636363636,16.0606843088418,2,NA
"191","jernovel2",191,0.370335,NA,NA,256.348636363636,16.0606843088418,2,NA
"192","jernovel2",192,0.37079,NA,NA,256.348636363636,16.0606843088418,2,NA
"193","jernovel2",193,0.37102,NA,NA,256.348636363636,16.0606843088418,2,NA
"194","jernovel2",194,0.370715,NA,NA,256.348636363636,16.0606843088418,2,NA
"195","jernovel2",195,0.369985,NA,NA,256.348636363636,16.0606843088418,2,NA
"196","jernovel2",196,0.368075,NA,NA,256.348636363636,16.0606843088418,2,NA
"197","jernovel2",197,0.366075,NA,NA,256.348636363636,16.0606843088418,2,NA
"198","jernovel2",198,0.3641,NA,NA,256.348636363636,16.0606843088418,2,NA
"199","jernovel2",199,0.363315,NA,NA,256.348636363636,16.0606843088418,2,NA
"200","jernovel2",200,0.363675,NA,NA,256.348636363636,16.0606843088418,2,NA
"201","jernovel2",201,0.36477,NA,NA,256.348636363636,16.0606843088418,2,NA
"202","jernovel2",202,0.36616,NA,NA,256.348636363636,16.0606843088418,2,NA
"203","jernovel2",203,0.36693,NA,NA,256.348636363636,16.0606843088418,2,NA
"204","jernovel2",204,0.36723,NA,NA,256.348636363636,16.0606843088418,2,NA
"205","jernovel2",205,0.36693,NA,NA,256.348636363636,16.0606843088418,2,NA
"206","jernovel2",206,0.36627,NA,NA,256.348636363636,16.0606843088418,2,NA
"207","jernovel2",207,0.36568,NA,NA,256.348636363636,16.0606843088418,2,NA
"208","jernovel2",208,0.365295,NA,NA,256.348636363636,16.0606843088418,2,NA
"209","jernovel2",209,0.36515,NA,NA,256.348636363636,16.0606843088418,2,NA
"210","jernovel2",210,0.36512,NA,NA,256.348636363636,16.0606843088418,2,NA
"211","jernovel2",211,0.365245,NA,NA,256.348636363636,16.0606843088418,2,NA
"212","jernovel2",212,0.365345,NA,NA,256.348636363636,16.0606843088418,2,NA
"213","jernovel2",213,0.365745,NA,NA,256.348636363636,16.0606843088418,2,NA
"214","jernovel2",214,0.365815,NA,NA,256.348636363636,16.0606843088418,2,NA
"215","jernovel2",215,0.36594,NA,NA,256.348636363636,16.0606843088418,2,NA
"216","jernovel2",216,0.36581,NA,NA,256.348636363636,16.0606843088418,2,NA
"217","jernovel2",217,0.365765,NA,NA,256.348636363636,16.0606843088418,2,NA
"218","jernovel2",218,0.36552,NA,NA,256.348636363636,16.0606843088418,2,NA
"219","jernovel2",219,0.365465,NA,NA,256.348636363636,16.0606843088418,2,NA
"220","jernovel2",220,0.36593,NA,NA,256.348636363636,16.0606843088418,2,NA
"221","jernovel2",221,0.366565,NA,NA,256.348636363636,16.0606843088418,2,NA
"222","jernovel2",222,0.36751,NA,NA,256.348636363636,16.0606843088418,2,NA
"223","jernovel2",223,0.36786,NA,NA,256.348636363636,16.0606843088418,2,NA
"224","jernovel2",224,0.36782,NA,NA,256.348636363636,16.0606843088418,2,NA
"225","jernovel2",225,0.36724,NA,NA,256.348636363636,16.0606843088418,2,NA
"226","jernovel2",226,0.366305,NA,NA,256.348636363636,16.0606843088418,2,NA
"227","jernovel2",227,0.36481,NA,NA,256.348636363636,16.0606843088418,2,NA
"228","jernovel2",228,0.363315,NA,NA,256.348636363636,16.0606843088418,2,NA
"229","jernovel2",229,0.362245,NA,NA,256.348636363636,16.0606843088418,2,NA
"230","jernovel2",230,0.362185,NA,NA,256.348636363636,16.0606843088418,2,NA
"231","jernovel2",231,0.36272,NA,NA,256.348636363636,16.0606843088418,2,NA
"232","jernovel2",232,0.36421,NA,NA,256.348636363636,16.0606843088418,2,NA
"233","jernovel2",233,0.366055,NA,NA,256.348636363636,16.0606843088418,2,NA
"234","jernovel2",234,0.368745,NA,NA,256.348636363636,16.0606843088418,2,NA
"235","jernovel2",235,0.372085,NA,NA,256.348636363636,16.0606843088418,2,NA
"236","jernovel2",236,0.375045,NA,NA,256.348636363636,16.0606843088418,2,NA
"237","jernovel2",237,0.375955,NA,NA,256.348636363636,16.0606843088418,2,NA
"238","jernovel2",238,0.37526,NA,NA,256.348636363636,16.0606843088418,2,NA
"239","jernovel2",239,0.37277,NA,NA,256.348636363636,16.0606843088418,2,NA
"240","jernovel2",240,0.369895,NA,NA,256.348636363636,16.0606843088418,2,NA
"241","jernovel2",241,0.36861,NA,NA,256.348636363636,16.0606843088418,2,NA
"242","jernovel2",242,0.367525,NA,NA,256.348636363636,16.0606843088418,2,NA
"243","jernovel2",243,0.36751,NA,NA,256.348636363636,16.0606843088418,2,NA
"244","jernovel2",244,0.3687,NA,NA,256.348636363636,16.0606843088418,2,NA
"245","jernovel2",245,0.36856,NA,NA,256.348636363636,16.0606843088418,2,NA
"246","jernovel2",246,0.367385,NA,NA,256.348636363636,16.0606843088418,2,NA
"247","jernovel2",247,0.365975,NA,NA,256.348636363636,16.0606843088418,2,NA
"248","jernovel2",248,0.364635,NA,NA,256.348636363636,16.0606843088418,2,NA
"249","jernovel2",249,0.3637,NA,NA,256.348636363636,16.0606843088418,2,NA
"250","jernovel2",250,0.363055,NA,NA,256.348636363636,16.0606843088418,2,NA
"251","jernovel2",251,0.36282,NA,NA,256.348636363636,16.0606843088418,2,NA
"252","jernovel2",252,0.363345,NA,NA,256.348636363636,16.0606843088418,2,NA
"253","jernovel2",253,0.36404,NA,NA,256.348636363636,16.0606843088418,2,NA
"254","jernovel2",254,0.3647,NA,NA,256.348636363636,16.0606843088418,2,NA
"255","jernovel2",255,0.36473,NA,NA,256.348636363636,16.0606843088418,2,NA
"256","jernovel2",256,0.364695,NA,NA,256.348636363636,16.0606843088418,2,NA
"257","jernovel2",257,0.364625,NA,NA,256.348636363636,16.0606843088418,2,NA
"258","jernovel2",258,0.36438,NA,NA,256.348636363636,16.0606843088418,2,NA
"259","jernovel2",259,0.36412,NA,NA,256.348636363636,16.0606843088418,2,NA
"260","jernovel2",260,0.36392,NA,NA,256.348636363636,16.0606843088418,2,NA
"261","jernovel2",261,0.36409,NA,NA,256.348636363636,16.0606843088418,2,NA
"262","jernovel2",262,0.364285,NA,NA,256.348636363636,16.0606843088418,2,NA
"263","jernovel2",263,0.363955,NA,NA,256.348636363636,16.0606843088418,2,NA
"264","jernovel2",264,0.3635,NA,NA,256.348636363636,16.0606843088418,2,NA
"265","jernovel2",265,0.363175,NA,NA,256.348636363636,16.0606843088418,2,NA
"266","jernovel2",266,0.362595,NA,NA,256.348636363636,16.0606843088418,2,NA
"267","jernovel2",267,0.360155,NA,NA,256.348636363636,16.0606843088418,2,NA
"268","jernovel2",268,0.35637,NA,NA,256.348636363636,16.0606843088418,2,NA
"269","jernovel2",269,0.354525,NA,NA,256.348636363636,16.0606843088418,2,NA
"270","jernovel2",270,0.350805,NA,NA,256.348636363636,16.0606843088418,2,NA
"271","jernovel2",271,0.347745,NA,NA,256.348636363636,16.0606843088418,2,NA
"272","jernovel2",272,0.347325,NA,NA,256.348636363636,16.0606843088418,2,NA
"273","jernovel2",273,0.34713,NA,NA,256.348636363636,16.0606843088418,2,NA
"274","jernovel2",274,0.346645,NA,NA,256.348636363636,16.0606843088418,2,NA
"275","jernovel2",275,0.34625,NA,NA,256.348636363636,16.0606843088418,2,NA
"276","jernovel2",276,0.345835,NA,NA,256.348636363636,16.0606843088418,2,NA
"277","jernovel2",277,0.34536,NA,NA,256.348636363636,16.0606843088418,2,NA
"278","jernovel2",278,0.34504,NA,NA,256.348636363636,16.0606843088418,2,NA
"279","jernovel2",279,0.34506,NA,NA,256.348636363636,16.0606843088418,2,NA
"280","jernovel2",280,0.34524,NA,NA,256.348636363636,16.0606843088418,2,NA
"281","jernovel2",281,0.345425,NA,NA,256.348636363636,16.0606843088418,2,NA
"282","jernovel2",282,0.34547,NA,NA,256.348636363636,16.0606843088418,2,NA
"283","jernovel2",283,0.34559,NA,NA,256.348636363636,16.0606843088418,2,NA
"284","jernovel2",284,0.345935,NA,NA,256.348636363636,16.0606843088418,2,NA
"285","jernovel2",285,0.3464,NA,NA,256.348636363636,16.0606843088418,2,NA
"286","jernovel2",286,0.346395,NA,NA,256.348636363636,16.0606843088418,2,NA
"287","jernovel2",287,0.34597,NA,NA,256.348636363636,16.0606843088418,2,NA
"288","jernovel2",288,0.34571,NA,NA,256.348636363636,16.0606843088418,2,NA
"289","jernovel2",289,0.34566,NA,NA,256.348636363636,16.0606843088418,2,NA
"290","jernovel2",290,0.345435,NA,NA,256.348636363636,16.0606843088418,2,NA
"291","jernovel2",291,0.34624,NA,NA,256.348636363636,16.0606843088418,2,NA
"292","jernovel2",292,0.347825,NA,NA,256.348636363636,16.0606843088418,2,NA
"293","jernovel2",293,0.349385,NA,NA,256.348636363636,16.0606843088418,2,NA
"294","jernovel2",294,0.350635,NA,NA,256.348636363636,16.0606843088418,2,NA
"295","jernovel2",295,0.351265,NA,NA,256.348636363636,16.0606843088418,2,NA
"296","jernovel2",296,0.351195,NA,NA,256.348636363636,16.0606843088418,2,NA
"297","jernovel2",297,0.350815,NA,NA,256.348636363636,16.0606843088418,2,NA
"298","jernovel2",298,0.34987,NA,NA,256.348636363636,16.0606843088418,2,NA
"299","jernovel2",299,0.3486,NA,NA,256.348636363636,16.0606843088418,2,NA
"300","jernovel2",300,0.34734,NA,NA,256.348636363636,16.0606843088418,2,NA
"301","jernovel2",301,0.34637,NA,NA,256.348636363636,16.0606843088418,2,NA
"302","jernovel2",302,0.345625,NA,NA,256.348636363636,16.0606843088418,2,NA
"303","jernovel2",303,0.34513,NA,NA,256.348636363636,16.0606843088418,2,NA
"304","jernovel2",304,0.34477,NA,NA,256.348636363636,16.0606843088418,2,NA
"305","jernovel2",305,0.344305,NA,NA,256.348636363636,16.0606843088418,2,NA
"306","jernovel2",306,0.34415,NA,NA,256.348636363636,16.0606843088418,2,NA
"307","jernovel2",307,0.34404,NA,NA,256.348636363636,16.0606843088418,2,NA
"308","jernovel2",308,0.343965,NA,NA,256.348636363636,16.0606843088418,2,NA
"309","jernovel2",309,0.34397,NA,NA,256.348636363636,16.0606843088418,2,NA
"310","jernovel2",310,0.34427,NA,NA,256.348636363636,16.0606843088418,2,NA
"311","jernovel2",311,0.344475,NA,NA,256.348636363636,16.0606843088418,2,NA
"312","jernovel2",312,0.344095,NA,NA,256.348636363636,16.0606843088418,2,NA
"313","jernovel2",313,0.342965,NA,NA,256.348636363636,16.0606843088418,2,NA
"314","jernovel2",314,0.341765,NA,NA,256.348636363636,16.0606843088418,2,NA
"315","jernovel2",315,0.340035,NA,NA,256.348636363636,16.0606843088418,2,NA
"316","jernovel2",316,0.33853,NA,NA,256.348636363636,16.0606843088418,2,NA
"317","jernovel2",317,0.337765,NA,NA,256.348636363636,16.0606843088418,2,NA
"318","jernovel2",318,0.33762,NA,NA,256.348636363636,16.0606843088418,2,NA
"319","jernovel2",319,0.33769,NA,NA,256.348636363636,16.0606843088418,2,NA
"320","jernovel2",320,0.33778,NA,NA,256.348636363636,16.0606843088418,2,NA
"321","jernovel2",321,0.337925,NA,NA,256.348636363636,16.0606843088418,2,NA
"322","jernovel2",322,0.33772,NA,NA,256.348636363636,16.0606843088418,2,NA
"323","jernovel2",323,0.337015,NA,NA,256.348636363636,16.0606843088418,2,NA
"324","jernovel2",324,0.33603,NA,NA,256.348636363636,16.0606843088418,2,NA
"325","jernovel2",325,0.335175,NA,NA,256.348636363636,16.0606843088418,2,NA
"326","jernovel2",326,0.334495,NA,NA,256.348636363636,16.0606843088418,2,NA
"327","jernovel2",327,0.33385,NA,NA,256.348636363636,16.0606843088418,2,NA
"328","jernovel2",328,0.33321,NA,NA,256.348636363636,16.0606843088418,2,NA
"329","jernovel2",329,0.33266,NA,NA,256.348636363636,16.0606843088418,2,NA
"330","jernovel2",330,0.33227,NA,NA,256.348636363636,16.0606843088418,2,NA
"331","jernovel2",331,0.332015,NA,NA,256.348636363636,16.0606843088418,2,NA
"332","jernovel2",332,0.33205,NA,NA,256.348636363636,16.0606843088418,2,NA
"333","jernovel2",333,0.33218,NA,NA,256.348636363636,16.0606843088418,2,NA
"334","jernovel2",334,0.33211,NA,NA,256.348636363636,16.0606843088418,2,NA
"335","jernovel2",335,0.33154,NA,NA,256.348636363636,16.0606843088418,2,NA
"336","jernovel2",336,0.33065,NA,NA,256.348636363636,16.0606843088418,2,NA
"337","jernovel2",337,0.329045,NA,NA,256.348636363636,16.0606843088418,2,NA
"338","jernovel2",338,0.326875,NA,NA,256.348636363636,16.0606843088418,2,NA
"339","jernovel2",339,0.324765,NA,NA,256.348636363636,16.0606843088418,2,NA
"340","jernovel2",340,0.32298,NA,NA,256.348636363636,16.0606843088418,2,NA
"341","jernovel2",341,0.32184,NA,NA,256.348636363636,16.0606843088418,2,NA
"342","jernovel2",342,0.32104,NA,NA,256.348636363636,16.0606843088418,2,NA
"343","jernovel2",343,0.32091,NA,NA,256.348636363636,16.0606843088418,2,NA
"344","jernovel2",344,0.321175,NA,NA,256.348636363636,16.0606843088418,2,NA
"345","jernovel2",345,0.32165,NA,NA,256.348636363636,16.0606843088418,2,NA
"346","jernovel2",346,0.32236,NA,NA,256.348636363636,16.0606843088418,2,NA
"347","jernovel2",347,0.322905,NA,NA,256.348636363636,16.0606843088418,2,NA
"348","jernovel2",348,0.32322,NA,NA,256.348636363636,16.0606843088418,2,NA
"349","jernovel2",349,0.322855,NA,NA,256.348636363636,16.0606843088418,2,NA
"350","jernovel2",350,0.32221,NA,NA,256.348636363636,16.0606843088418,2,NA
"351","jernovel2",351,0.321315,NA,NA,256.348636363636,16.0606843088418,2,NA
"352","jernovel2",352,0.32061,NA,NA,256.348636363636,16.0606843088418,2,NA
"353","jernovel2",353,0.32029,NA,NA,256.348636363636,16.0606843088418,2,NA
"354","jernovel2",354,0.32025,NA,NA,256.348636363636,16.0606843088418,2,NA
"355","jernovel2",355,0.320515,NA,NA,256.348636363636,16.0606843088418,2,NA
"356","jernovel2",356,0.320855,NA,NA,256.348636363636,16.0606843088418,2,NA
"357","jernovel2",357,0.32125,NA,NA,256.348636363636,16.0606843088418,2,NA
"358","jernovel2",358,0.32121,NA,NA,256.348636363636,16.0606843088418,2,NA
"359","jernovel2",359,0.32104,NA,NA,256.348636363636,16.0606843088418,2,NA
"360","jernovel2",360,0.32086,NA,NA,256.348636363636,16.0606843088418,2,NA
"361","jernovel2",361,0.320755,NA,NA,256.348636363636,16.0606843088418,2,NA
"362","jernovel2",362,0.32078,NA,NA,256.348636363636,16.0606843088418,2,NA
"363","jernovel2",363,0.32068,NA,NA,256.348636363636,16.0606843088418,2,NA
"364","jernovel2",364,0.320695,NA,NA,256.348636363636,16.0606843088418,2,NA
"365","jernovel2",365,0.3207,NA,NA,256.348636363636,16.0606843088418,2,NA
