"","site","doy","smooth_gcc_90_mean","smooth_gcc_90_drought","drought_impact_absolute","map","mat","control_years","drought_years"
"1","kelloggcorn",1,0.349022,NA,NA,1023.02772727273,9.29490410958904,5,NA
"2","kelloggcorn",2,0.349244,NA,NA,1023.02772727273,9.29490410958904,5,NA
"3","kelloggcorn",3,0.349462,NA,NA,1023.02772727273,9.29490410958904,5,NA
"4","kelloggcorn",4,0.349634,NA,NA,1023.02772727273,9.29490410958904,5,NA
"5","kelloggcorn",5,0.349852,NA,NA,1023.02772727273,9.29490410958904,5,NA
"6","kelloggcorn",6,0.350106,NA,NA,1023.02772727273,9.29490410958904,5,NA
"7","kelloggcorn",7,0.350342,NA,NA,1023.02772727273,9.29490410958904,5,NA
"8","kelloggcorn",8,0.35049,NA,NA,1023.02772727273,9.29490410958904,5,NA
"9","kelloggcorn",9,0.35053,NA,NA,1023.02772727273,9.29490410958904,5,NA
"10","kelloggcorn",10,0.350518,NA,NA,1023.02772727273,9.29490410958904,5,NA
"11","kelloggcorn",11,0.350494,NA,NA,1023.02772727273,9.29490410958904,5,NA
"12","kelloggcorn",12,0.350504,NA,NA,1023.02772727273,9.29490410958904,5,NA
"13","kelloggcorn",13,0.350528,NA,NA,1023.02772727273,9.29490410958904,5,NA
"14","kelloggcorn",14,0.350556,NA,NA,1023.02772727273,9.29490410958904,5,NA
"15","kelloggcorn",15,0.350576,NA,NA,1023.02772727273,9.29490410958904,5,NA
"16","kelloggcorn",16,0.350654,NA,NA,1023.02772727273,9.29490410958904,5,NA
"17","kelloggcorn",17,0.350782,NA,NA,1023.02772727273,9.29490410958904,5,NA
"18","kelloggcorn",18,0.350862,NA,NA,1023.02772727273,9.29490410958904,5,NA
"19","kelloggcorn",19,0.350838,NA,NA,1023.02772727273,9.29490410958904,5,NA
"20","kelloggcorn",20,0.350806,NA,NA,1023.02772727273,9.29490410958904,5,NA
"21","kelloggcorn",21,0.350702,NA,NA,1023.02772727273,9.29490410958904,5,NA
"22","kelloggcorn",22,0.350452,NA,NA,1023.02772727273,9.29490410958904,5,NA
"23","kelloggcorn",23,0.350174,NA,NA,1023.02772727273,9.29490410958904,5,NA
"24","kelloggcorn",24,0.350038,NA,NA,1023.02772727273,9.29490410958904,5,NA
"25","kelloggcorn",25,0.35012,NA,NA,1023.02772727273,9.29490410958904,5,NA
"26","kelloggcorn",26,0.350316,NA,NA,1023.02772727273,9.29490410958904,5,NA
"27","kelloggcorn",27,0.350624,NA,NA,1023.02772727273,9.29490410958904,5,NA
"28","kelloggcorn",28,0.35094,NA,NA,1023.02772727273,9.29490410958904,5,NA
"29","kelloggcorn",29,0.351244,NA,NA,1023.02772727273,9.29490410958904,5,NA
"30","kelloggcorn",30,0.35154,NA,NA,1023.02772727273,9.29490410958904,5,NA
"31","kelloggcorn",31,0.351672,NA,NA,1023.02772727273,9.29490410958904,5,NA
"32","kelloggcorn",32,0.35157,NA,NA,1023.02772727273,9.29490410958904,5,NA
"33","kelloggcorn",33,0.35129,NA,NA,1023.02772727273,9.29490410958904,5,NA
"34","kelloggcorn",34,0.350954,NA,NA,1023.02772727273,9.29490410958904,5,NA
"35","kelloggcorn",35,0.35059,NA,NA,1023.02772727273,9.29490410958904,5,NA
"36","kelloggcorn",36,0.350276,NA,NA,1023.02772727273,9.29490410958904,5,NA
"37","kelloggcorn",37,0.350164,NA,NA,1023.02772727273,9.29490410958904,5,NA
"38","kelloggcorn",38,0.350318,NA,NA,1023.02772727273,9.29490410958904,5,NA
"39","kelloggcorn",39,0.35059,NA,NA,1023.02772727273,9.29490410958904,5,NA
"40","kelloggcorn",40,0.35094,NA,NA,1023.02772727273,9.29490410958904,5,NA
"41","kelloggcorn",41,0.351318,NA,NA,1023.02772727273,9.29490410958904,5,NA
"42","kelloggcorn",42,0.351682,NA,NA,1023.02772727273,9.29490410958904,5,NA
"43","kelloggcorn",43,0.35203,NA,NA,1023.02772727273,9.29490410958904,5,NA
"44","kelloggcorn",44,0.352146,NA,NA,1023.02772727273,9.29490410958904,5,NA
"45","kelloggcorn",45,0.352062,NA,NA,1023.02772727273,9.29490410958904,5,NA
"46","kelloggcorn",46,0.351868,NA,NA,1023.02772727273,9.29490410958904,5,NA
"47","kelloggcorn",47,0.351558,NA,NA,1023.02772727273,9.29490410958904,5,NA
"48","kelloggcorn",48,0.35127,NA,NA,1023.02772727273,9.29490410958904,5,NA
"49","kelloggcorn",49,0.351008,NA,NA,1023.02772727273,9.29490410958904,5,NA
"50","kelloggcorn",50,0.35072,NA,NA,1023.02772727273,9.29490410958904,5,NA
"51","kelloggcorn",51,0.350404,NA,NA,1023.02772727273,9.29490410958904,5,NA
"52","kelloggcorn",52,0.350128,NA,NA,1023.02772727273,9.29490410958904,5,NA
"53","kelloggcorn",53,0.350018,NA,NA,1023.02772727273,9.29490410958904,5,NA
"54","kelloggcorn",54,0.350102,NA,NA,1023.02772727273,9.29490410958904,5,NA
"55","kelloggcorn",55,0.350308,NA,NA,1023.02772727273,9.29490410958904,5,NA
"56","kelloggcorn",56,0.35055,NA,NA,1023.02772727273,9.29490410958904,5,NA
"57","kelloggcorn",57,0.350808,NA,NA,1023.02772727273,9.29490410958904,5,NA
"58","kelloggcorn",58,0.351106,NA,NA,1023.02772727273,9.29490410958904,5,NA
"59","kelloggcorn",59,0.351414,NA,NA,1023.02772727273,9.29490410958904,5,NA
"60","kelloggcorn",60,0.351668,NA,NA,1023.02772727273,9.29490410958904,5,NA
"61","kelloggcorn",61,0.351832,NA,NA,1023.02772727273,9.29490410958904,5,NA
"62","kelloggcorn",62,0.35193,NA,NA,1023.02772727273,9.29490410958904,5,NA
"63","kelloggcorn",63,0.352,NA,NA,1023.02772727273,9.29490410958904,5,NA
"64","kelloggcorn",64,0.35206,NA,NA,1023.02772727273,9.29490410958904,5,NA
"65","kelloggcorn",65,0.351978,NA,NA,1023.02772727273,9.29490410958904,5,NA
"66","kelloggcorn",66,0.351686,NA,NA,1023.02772727273,9.29490410958904,5,NA
"67","kelloggcorn",67,0.351264,NA,NA,1023.02772727273,9.29490410958904,5,NA
"68","kelloggcorn",68,0.350766,NA,NA,1023.02772727273,9.29490410958904,5,NA
"69","kelloggcorn",69,0.350152,NA,NA,1023.02772727273,9.29490410958904,5,NA
"70","kelloggcorn",70,0.349476,NA,NA,1023.02772727273,9.29490410958904,5,NA
"71","kelloggcorn",71,0.348808,NA,NA,1023.02772727273,9.29490410958904,5,NA
"72","kelloggcorn",72,0.348156,NA,NA,1023.02772727273,9.29490410958904,5,NA
"73","kelloggcorn",73,0.347564,NA,NA,1023.02772727273,9.29490410958904,5,NA
"74","kelloggcorn",74,0.347174,NA,NA,1023.02772727273,9.29490410958904,5,NA
"75","kelloggcorn",75,0.346994,NA,NA,1023.02772727273,9.29490410958904,5,NA
"76","kelloggcorn",76,0.346928,NA,NA,1023.02772727273,9.29490410958904,5,NA
"77","kelloggcorn",77,0.346898,NA,NA,1023.02772727273,9.29490410958904,5,NA
"78","kelloggcorn",78,0.346872,NA,NA,1023.02772727273,9.29490410958904,5,NA
"79","kelloggcorn",79,0.346876,NA,NA,1023.02772727273,9.29490410958904,5,NA
"80","kelloggcorn",80,0.346934,NA,NA,1023.02772727273,9.29490410958904,5,NA
"81","kelloggcorn",81,0.34699,NA,NA,1023.02772727273,9.29490410958904,5,NA
"82","kelloggcorn",82,0.347022,NA,NA,1023.02772727273,9.29490410958904,5,NA
"83","kelloggcorn",83,0.347016,NA,NA,1023.02772727273,9.29490410958904,5,NA
"84","kelloggcorn",84,0.34694,NA,NA,1023.02772727273,9.29490410958904,5,NA
"85","kelloggcorn",85,0.34685,NA,NA,1023.02772727273,9.29490410958904,5,NA
"86","kelloggcorn",86,0.346762,NA,NA,1023.02772727273,9.29490410958904,5,NA
"87","kelloggcorn",87,0.346718,NA,NA,1023.02772727273,9.29490410958904,5,NA
"88","kelloggcorn",88,0.346756,NA,NA,1023.02772727273,9.29490410958904,5,NA
"89","kelloggcorn",89,0.346874,NA,NA,1023.02772727273,9.29490410958904,5,NA
"90","kelloggcorn",90,0.347032,NA,NA,1023.02772727273,9.29490410958904,5,NA
"91","kelloggcorn",91,0.347246,NA,NA,1023.02772727273,9.29490410958904,5,NA
"92","kelloggcorn",92,0.347478,NA,NA,1023.02772727273,9.29490410958904,5,NA
"93","kelloggcorn",93,0.34767,NA,NA,1023.02772727273,9.29490410958904,5,NA
"94","kelloggcorn",94,0.347866,NA,NA,1023.02772727273,9.29490410958904,5,NA
"95","kelloggcorn",95,0.348026,NA,NA,1023.02772727273,9.29490410958904,5,NA
"96","kelloggcorn",96,0.348028,NA,NA,1023.02772727273,9.29490410958904,5,NA
"97","kelloggcorn",97,0.347902,NA,NA,1023.02772727273,9.29490410958904,5,NA
"98","kelloggcorn",98,0.34777,NA,NA,1023.02772727273,9.29490410958904,5,NA
"99","kelloggcorn",99,0.347736,NA,NA,1023.02772727273,9.29490410958904,5,NA
"100","kelloggcorn",100,0.347722,NA,NA,1023.02772727273,9.29490410958904,5,NA
"101","kelloggcorn",101,0.347752,NA,NA,1023.02772727273,9.29490410958904,5,NA
"102","kelloggcorn",102,0.347974,NA,NA,1023.02772727273,9.29490410958904,5,NA
"103","kelloggcorn",103,0.348314,NA,NA,1023.02772727273,9.29490410958904,5,NA
"104","kelloggcorn",104,0.348628,NA,NA,1023.02772727273,9.29490410958904,5,NA
"105","kelloggcorn",105,0.348896,NA,NA,1023.02772727273,9.29490410958904,5,NA
"106","kelloggcorn",106,0.349134,NA,NA,1023.02772727273,9.29490410958904,5,NA
"107","kelloggcorn",107,0.3494,NA,NA,1023.02772727273,9.29490410958904,5,NA
"108","kelloggcorn",108,0.34974,NA,NA,1023.02772727273,9.29490410958904,5,NA
"109","kelloggcorn",109,0.350098,NA,NA,1023.02772727273,9.29490410958904,5,NA
"110","kelloggcorn",110,0.350382,NA,NA,1023.02772727273,9.29490410958904,5,NA
"111","kelloggcorn",111,0.350648,NA,NA,1023.02772727273,9.29490410958904,5,NA
"112","kelloggcorn",112,0.35096,NA,NA,1023.02772727273,9.29490410958904,5,NA
"113","kelloggcorn",113,0.351376,NA,NA,1023.02772727273,9.29490410958904,5,NA
"114","kelloggcorn",114,0.351844,NA,NA,1023.02772727273,9.29490410958904,5,NA
"115","kelloggcorn",115,0.352234,NA,NA,1023.02772727273,9.29490410958904,5,NA
"116","kelloggcorn",116,0.352586,NA,NA,1023.02772727273,9.29490410958904,5,NA
"117","kelloggcorn",117,0.352804,NA,NA,1023.02772727273,9.29490410958904,5,NA
"118","kelloggcorn",118,0.352832,NA,NA,1023.02772727273,9.29490410958904,5,NA
"119","kelloggcorn",119,0.352802,NA,NA,1023.02772727273,9.29490410958904,5,NA
"120","kelloggcorn",120,0.352716,NA,NA,1023.02772727273,9.29490410958904,5,NA
"121","kelloggcorn",121,0.352524,NA,NA,1023.02772727273,9.29490410958904,5,NA
"122","kelloggcorn",122,0.352154,NA,NA,1023.02772727273,9.29490410958904,5,NA
"123","kelloggcorn",123,0.351656,NA,NA,1023.02772727273,9.29490410958904,5,NA
"124","kelloggcorn",124,0.35111,NA,NA,1023.02772727273,9.29490410958904,5,NA
"125","kelloggcorn",125,0.35066,NA,NA,1023.02772727273,9.29490410958904,5,NA
"126","kelloggcorn",126,0.350326,NA,NA,1023.02772727273,9.29490410958904,5,NA
"127","kelloggcorn",127,0.350012,NA,NA,1023.02772727273,9.29490410958904,5,NA
"128","kelloggcorn",128,0.349724,NA,NA,1023.02772727273,9.29490410958904,5,NA
"129","kelloggcorn",129,0.349474,NA,NA,1023.02772727273,9.29490410958904,5,NA
"130","kelloggcorn",130,0.349232,NA,NA,1023.02772727273,9.29490410958904,5,NA
"131","kelloggcorn",131,0.34906,NA,NA,1023.02772727273,9.29490410958904,5,NA
"132","kelloggcorn",132,0.34896,NA,NA,1023.02772727273,9.29490410958904,5,NA
"133","kelloggcorn",133,0.348944,NA,NA,1023.02772727273,9.29490410958904,5,NA
"134","kelloggcorn",134,0.348932,NA,NA,1023.02772727273,9.29490410958904,5,NA
"135","kelloggcorn",135,0.348864,NA,NA,1023.02772727273,9.29490410958904,5,NA
"136","kelloggcorn",136,0.348852,NA,NA,1023.02772727273,9.29490410958904,5,NA
"137","kelloggcorn",137,0.348852,NA,NA,1023.02772727273,9.29490410958904,5,NA
"138","kelloggcorn",138,0.348784,NA,NA,1023.02772727273,9.29490410958904,5,NA
"139","kelloggcorn",139,0.348648,NA,NA,1023.02772727273,9.29490410958904,5,NA
"140","kelloggcorn",140,0.348618,NA,NA,1023.02772727273,9.29490410958904,5,NA
"141","kelloggcorn",141,0.348776,NA,NA,1023.02772727273,9.29490410958904,5,NA
"142","kelloggcorn",142,0.349026,NA,NA,1023.02772727273,9.29490410958904,5,NA
"143","kelloggcorn",143,0.349404,NA,NA,1023.02772727273,9.29490410958904,5,NA
"144","kelloggcorn",144,0.349966,NA,NA,1023.02772727273,9.29490410958904,5,NA
"145","kelloggcorn",145,0.35077,NA,NA,1023.02772727273,9.29490410958904,5,NA
"146","kelloggcorn",146,0.351858,NA,NA,1023.02772727273,9.29490410958904,5,NA
"147","kelloggcorn",147,0.353148,NA,NA,1023.02772727273,9.29490410958904,5,NA
"148","kelloggcorn",148,0.354526,NA,NA,1023.02772727273,9.29490410958904,5,NA
"149","kelloggcorn",149,0.355818,NA,NA,1023.02772727273,9.29490410958904,5,NA
"150","kelloggcorn",150,0.357034,NA,NA,1023.02772727273,9.29490410958904,5,NA
"151","kelloggcorn",151,0.358306,NA,NA,1023.02772727273,9.29490410958904,5,NA
"152","kelloggcorn",152,0.35959,NA,NA,1023.02772727273,9.29490410958904,5,NA
"153","kelloggcorn",153,0.360844,NA,NA,1023.02772727273,9.29490410958904,5,NA
"154","kelloggcorn",154,0.36198,NA,NA,1023.02772727273,9.29490410958904,5,NA
"155","kelloggcorn",155,0.363054,NA,NA,1023.02772727273,9.29490410958904,5,NA
"156","kelloggcorn",156,0.364236,NA,NA,1023.02772727273,9.29490410958904,5,NA
"157","kelloggcorn",157,0.365668,NA,NA,1023.02772727273,9.29490410958904,5,NA
"158","kelloggcorn",158,0.367324,NA,NA,1023.02772727273,9.29490410958904,5,NA
"159","kelloggcorn",159,0.36909,NA,NA,1023.02772727273,9.29490410958904,5,NA
"160","kelloggcorn",160,0.371008,NA,NA,1023.02772727273,9.29490410958904,5,NA
"161","kelloggcorn",161,0.373256,NA,NA,1023.02772727273,9.29490410958904,5,NA
"162","kelloggcorn",162,0.375802,NA,NA,1023.02772727273,9.29490410958904,5,NA
"163","kelloggcorn",163,0.378624,NA,NA,1023.02772727273,9.29490410958904,5,NA
"164","kelloggcorn",164,0.381618,NA,NA,1023.02772727273,9.29490410958904,5,NA
"165","kelloggcorn",165,0.384544,NA,NA,1023.02772727273,9.29490410958904,5,NA
"166","kelloggcorn",166,0.387684,NA,NA,1023.02772727273,9.29490410958904,5,NA
"167","kelloggcorn",167,0.391196,NA,NA,1023.02772727273,9.29490410958904,5,NA
"168","kelloggcorn",168,0.394808,NA,NA,1023.02772727273,9.29490410958904,5,NA
"169","kelloggcorn",169,0.398494,NA,NA,1023.02772727273,9.29490410958904,5,NA
"170","kelloggcorn",170,0.402072,NA,NA,1023.02772727273,9.29490410958904,5,NA
"171","kelloggcorn",171,0.405594,NA,NA,1023.02772727273,9.29490410958904,5,NA
"172","kelloggcorn",172,0.409924,NA,NA,1023.02772727273,9.29490410958904,5,NA
"173","kelloggcorn",173,0.41395,NA,NA,1023.02772727273,9.29490410958904,5,NA
"174","kelloggcorn",174,0.416846,NA,NA,1023.02772727273,9.29490410958904,5,NA
"175","kelloggcorn",175,0.419556,NA,NA,1023.02772727273,9.29490410958904,5,NA
"176","kelloggcorn",176,0.422178,NA,NA,1023.02772727273,9.29490410958904,5,NA
"177","kelloggcorn",177,0.424594,NA,NA,1023.02772727273,9.29490410958904,5,NA
"178","kelloggcorn",178,0.426838,NA,NA,1023.02772727273,9.29490410958904,5,NA
"179","kelloggcorn",179,0.429,NA,NA,1023.02772727273,9.29490410958904,5,NA
"180","kelloggcorn",180,0.431388,NA,NA,1023.02772727273,9.29490410958904,5,NA
"181","kelloggcorn",181,0.433978,NA,NA,1023.02772727273,9.29490410958904,5,NA
"182","kelloggcorn",182,0.436536,NA,NA,1023.02772727273,9.29490410958904,5,NA
"183","kelloggcorn",183,0.439208,NA,NA,1023.02772727273,9.29490410958904,5,NA
"184","kelloggcorn",184,0.441862,NA,NA,1023.02772727273,9.29490410958904,5,NA
"185","kelloggcorn",185,0.444022,NA,NA,1023.02772727273,9.29490410958904,5,NA
"186","kelloggcorn",186,0.445692,NA,NA,1023.02772727273,9.29490410958904,5,NA
"187","kelloggcorn",187,0.446972,NA,NA,1023.02772727273,9.29490410958904,5,NA
"188","kelloggcorn",188,0.44799,NA,NA,1023.02772727273,9.29490410958904,5,NA
"189","kelloggcorn",189,0.448228,NA,NA,1023.02772727273,9.29490410958904,5,NA
"190","kelloggcorn",190,0.448006,NA,NA,1023.02772727273,9.29490410958904,5,NA
"191","kelloggcorn",191,0.44776,NA,NA,1023.02772727273,9.29490410958904,5,NA
"192","kelloggcorn",192,0.447234,NA,NA,1023.02772727273,9.29490410958904,5,NA
"193","kelloggcorn",193,0.446758,NA,NA,1023.02772727273,9.29490410958904,5,NA
"194","kelloggcorn",194,0.446614,NA,NA,1023.02772727273,9.29490410958904,5,NA
"195","kelloggcorn",195,0.446878,NA,NA,1023.02772727273,9.29490410958904,5,NA
"196","kelloggcorn",196,0.447192,NA,NA,1023.02772727273,9.29490410958904,5,NA
"197","kelloggcorn",197,0.44748,NA,NA,1023.02772727273,9.29490410958904,5,NA
"198","kelloggcorn",198,0.447668,NA,NA,1023.02772727273,9.29490410958904,5,NA
"199","kelloggcorn",199,0.447592,NA,NA,1023.02772727273,9.29490410958904,5,NA
"200","kelloggcorn",200,0.447196,NA,NA,1023.02772727273,9.29490410958904,5,NA
"201","kelloggcorn",201,0.446778,NA,NA,1023.02772727273,9.29490410958904,5,NA
"202","kelloggcorn",202,0.446482,NA,NA,1023.02772727273,9.29490410958904,5,NA
"203","kelloggcorn",203,0.445926,NA,NA,1023.02772727273,9.29490410958904,5,NA
"204","kelloggcorn",204,0.44507,NA,NA,1023.02772727273,9.29490410958904,5,NA
"205","kelloggcorn",205,0.444166,NA,NA,1023.02772727273,9.29490410958904,5,NA
"206","kelloggcorn",206,0.443354,NA,NA,1023.02772727273,9.29490410958904,5,NA
"207","kelloggcorn",207,0.442626,NA,NA,1023.02772727273,9.29490410958904,5,NA
"208","kelloggcorn",208,0.44207,NA,NA,1023.02772727273,9.29490410958904,5,NA
"209","kelloggcorn",209,0.441386,NA,NA,1023.02772727273,9.29490410958904,5,NA
"210","kelloggcorn",210,0.440272,NA,NA,1023.02772727273,9.29490410958904,5,NA
"211","kelloggcorn",211,0.438764,NA,NA,1023.02772727273,9.29490410958904,5,NA
"212","kelloggcorn",212,0.437264,NA,NA,1023.02772727273,9.29490410958904,5,NA
"213","kelloggcorn",213,0.436208,NA,NA,1023.02772727273,9.29490410958904,5,NA
"214","kelloggcorn",214,0.435422,NA,NA,1023.02772727273,9.29490410958904,5,NA
"215","kelloggcorn",215,0.434854,NA,NA,1023.02772727273,9.29490410958904,5,NA
"216","kelloggcorn",216,0.434462,NA,NA,1023.02772727273,9.29490410958904,5,NA
"217","kelloggcorn",217,0.434232,NA,NA,1023.02772727273,9.29490410958904,5,NA
"218","kelloggcorn",218,0.434192,NA,NA,1023.02772727273,9.29490410958904,5,NA
"219","kelloggcorn",219,0.434132,NA,NA,1023.02772727273,9.29490410958904,5,NA
"220","kelloggcorn",220,0.433934,NA,NA,1023.02772727273,9.29490410958904,5,NA
"221","kelloggcorn",221,0.433558,NA,NA,1023.02772727273,9.29490410958904,5,NA
"222","kelloggcorn",222,0.433062,NA,NA,1023.02772727273,9.29490410958904,5,NA
"223","kelloggcorn",223,0.432554,NA,NA,1023.02772727273,9.29490410958904,5,NA
"224","kelloggcorn",224,0.432092,NA,NA,1023.02772727273,9.29490410958904,5,NA
"225","kelloggcorn",225,0.431694,NA,NA,1023.02772727273,9.29490410958904,5,NA
"226","kelloggcorn",226,0.431356,NA,NA,1023.02772727273,9.29490410958904,5,NA
"227","kelloggcorn",227,0.431094,NA,NA,1023.02772727273,9.29490410958904,5,NA
"228","kelloggcorn",228,0.431044,NA,NA,1023.02772727273,9.29490410958904,5,NA
"229","kelloggcorn",229,0.43102,NA,NA,1023.02772727273,9.29490410958904,5,NA
"230","kelloggcorn",230,0.430808,NA,NA,1023.02772727273,9.29490410958904,5,NA
"231","kelloggcorn",231,0.430468,NA,NA,1023.02772727273,9.29490410958904,5,NA
"232","kelloggcorn",232,0.429952,NA,NA,1023.02772727273,9.29490410958904,5,NA
"233","kelloggcorn",233,0.429318,NA,NA,1023.02772727273,9.29490410958904,5,NA
"234","kelloggcorn",234,0.428514,NA,NA,1023.02772727273,9.29490410958904,5,NA
"235","kelloggcorn",235,0.427552,NA,NA,1023.02772727273,9.29490410958904,5,NA
"236","kelloggcorn",236,0.426512,NA,NA,1023.02772727273,9.29490410958904,5,NA
"237","kelloggcorn",237,0.425556,NA,NA,1023.02772727273,9.29490410958904,5,NA
"238","kelloggcorn",238,0.424742,NA,NA,1023.02772727273,9.29490410958904,5,NA
"239","kelloggcorn",239,0.423928,NA,NA,1023.02772727273,9.29490410958904,5,NA
"240","kelloggcorn",240,0.42305,NA,NA,1023.02772727273,9.29490410958904,5,NA
"241","kelloggcorn",241,0.422004,NA,NA,1023.02772727273,9.29490410958904,5,NA
"242","kelloggcorn",242,0.420822,NA,NA,1023.02772727273,9.29490410958904,5,NA
"243","kelloggcorn",243,0.419546,NA,NA,1023.02772727273,9.29490410958904,5,NA
"244","kelloggcorn",244,0.41807,NA,NA,1023.02772727273,9.29490410958904,5,NA
"245","kelloggcorn",245,0.416314,NA,NA,1023.02772727273,9.29490410958904,5,NA
"246","kelloggcorn",246,0.414302,NA,NA,1023.02772727273,9.29490410958904,5,NA
"247","kelloggcorn",247,0.412142,NA,NA,1023.02772727273,9.29490410958904,5,NA
"248","kelloggcorn",248,0.410006,NA,NA,1023.02772727273,9.29490410958904,5,NA
"249","kelloggcorn",249,0.40793,NA,NA,1023.02772727273,9.29490410958904,5,NA
"250","kelloggcorn",250,0.405782,NA,NA,1023.02772727273,9.29490410958904,5,NA
"251","kelloggcorn",251,0.403504,NA,NA,1023.02772727273,9.29490410958904,5,NA
"252","kelloggcorn",252,0.40101,NA,NA,1023.02772727273,9.29490410958904,5,NA
"253","kelloggcorn",253,0.39833,NA,NA,1023.02772727273,9.29490410958904,5,NA
"254","kelloggcorn",254,0.395476,NA,NA,1023.02772727273,9.29490410958904,5,NA
"255","kelloggcorn",255,0.392326,NA,NA,1023.02772727273,9.29490410958904,5,NA
"256","kelloggcorn",256,0.388914,NA,NA,1023.02772727273,9.29490410958904,5,NA
"257","kelloggcorn",257,0.385532,NA,NA,1023.02772727273,9.29490410958904,5,NA
"258","kelloggcorn",258,0.382458,NA,NA,1023.02772727273,9.29490410958904,5,NA
"259","kelloggcorn",259,0.379598,NA,NA,1023.02772727273,9.29490410958904,5,NA
"260","kelloggcorn",260,0.376864,NA,NA,1023.02772727273,9.29490410958904,5,NA
"261","kelloggcorn",261,0.374334,NA,NA,1023.02772727273,9.29490410958904,5,NA
"262","kelloggcorn",262,0.372096,NA,NA,1023.02772727273,9.29490410958904,5,NA
"263","kelloggcorn",263,0.370086,NA,NA,1023.02772727273,9.29490410958904,5,NA
"264","kelloggcorn",264,0.368318,NA,NA,1023.02772727273,9.29490410958904,5,NA
"265","kelloggcorn",265,0.366806,NA,NA,1023.02772727273,9.29490410958904,5,NA
"266","kelloggcorn",266,0.365416,NA,NA,1023.02772727273,9.29490410958904,5,NA
"267","kelloggcorn",267,0.364142,NA,NA,1023.02772727273,9.29490410958904,5,NA
"268","kelloggcorn",268,0.363032,NA,NA,1023.02772727273,9.29490410958904,5,NA
"269","kelloggcorn",269,0.362138,NA,NA,1023.02772727273,9.29490410958904,5,NA
"270","kelloggcorn",270,0.361448,NA,NA,1023.02772727273,9.29490410958904,5,NA
"271","kelloggcorn",271,0.36085,NA,NA,1023.02772727273,9.29490410958904,5,NA
"272","kelloggcorn",272,0.3603,NA,NA,1023.02772727273,9.29490410958904,5,NA
"273","kelloggcorn",273,0.359888,NA,NA,1023.02772727273,9.29490410958904,5,NA
"274","kelloggcorn",274,0.359442,NA,NA,1023.02772727273,9.29490410958904,5,NA
"275","kelloggcorn",275,0.358736,NA,NA,1023.02772727273,9.29490410958904,5,NA
"276","kelloggcorn",276,0.35792,NA,NA,1023.02772727273,9.29490410958904,5,NA
"277","kelloggcorn",277,0.356996,NA,NA,1023.02772727273,9.29490410958904,5,NA
"278","kelloggcorn",278,0.355886,NA,NA,1023.02772727273,9.29490410958904,5,NA
"279","kelloggcorn",279,0.35472,NA,NA,1023.02772727273,9.29490410958904,5,NA
"280","kelloggcorn",280,0.353616,NA,NA,1023.02772727273,9.29490410958904,5,NA
"281","kelloggcorn",281,0.35252,NA,NA,1023.02772727273,9.29490410958904,5,NA
"282","kelloggcorn",282,0.351338,NA,NA,1023.02772727273,9.29490410958904,5,NA
"283","kelloggcorn",283,0.349878,NA,NA,1023.02772727273,9.29490410958904,5,NA
"284","kelloggcorn",284,0.348314,NA,NA,1023.02772727273,9.29490410958904,5,NA
"285","kelloggcorn",285,0.347004,NA,NA,1023.02772727273,9.29490410958904,5,NA
"286","kelloggcorn",286,0.346264,NA,NA,1023.02772727273,9.29490410958904,5,NA
"287","kelloggcorn",287,0.34615,NA,NA,1023.02772727273,9.29490410958904,5,NA
"288","kelloggcorn",288,0.346386,NA,NA,1023.02772727273,9.29490410958904,5,NA
"289","kelloggcorn",289,0.346714,NA,NA,1023.02772727273,9.29490410958904,5,NA
"290","kelloggcorn",290,0.346932,NA,NA,1023.02772727273,9.29490410958904,5,NA
"291","kelloggcorn",291,0.347014,NA,NA,1023.02772727273,9.29490410958904,5,NA
"292","kelloggcorn",292,0.347116,NA,NA,1023.02772727273,9.29490410958904,5,NA
"293","kelloggcorn",293,0.347232,NA,NA,1023.02772727273,9.29490410958904,5,NA
"294","kelloggcorn",294,0.347322,NA,NA,1023.02772727273,9.29490410958904,5,NA
"295","kelloggcorn",295,0.347414,NA,NA,1023.02772727273,9.29490410958904,5,NA
"296","kelloggcorn",296,0.347464,NA,NA,1023.02772727273,9.29490410958904,5,NA
"297","kelloggcorn",297,0.347498,NA,NA,1023.02772727273,9.29490410958904,5,NA
"298","kelloggcorn",298,0.34759,NA,NA,1023.02772727273,9.29490410958904,5,NA
"299","kelloggcorn",299,0.347696,NA,NA,1023.02772727273,9.29490410958904,5,NA
"300","kelloggcorn",300,0.347756,NA,NA,1023.02772727273,9.29490410958904,5,NA
"301","kelloggcorn",301,0.34777,NA,NA,1023.02772727273,9.29490410958904,5,NA
"302","kelloggcorn",302,0.347774,NA,NA,1023.02772727273,9.29490410958904,5,NA
"303","kelloggcorn",303,0.347782,NA,NA,1023.02772727273,9.29490410958904,5,NA
"304","kelloggcorn",304,0.347788,NA,NA,1023.02772727273,9.29490410958904,5,NA
"305","kelloggcorn",305,0.347784,NA,NA,1023.02772727273,9.29490410958904,5,NA
"306","kelloggcorn",306,0.347756,NA,NA,1023.02772727273,9.29490410958904,5,NA
"307","kelloggcorn",307,0.347726,NA,NA,1023.02772727273,9.29490410958904,5,NA
"308","kelloggcorn",308,0.347704,NA,NA,1023.02772727273,9.29490410958904,5,NA
"309","kelloggcorn",309,0.347676,NA,NA,1023.02772727273,9.29490410958904,5,NA
"310","kelloggcorn",310,0.347666,NA,NA,1023.02772727273,9.29490410958904,5,NA
"311","kelloggcorn",311,0.347676,NA,NA,1023.02772727273,9.29490410958904,5,NA
"312","kelloggcorn",312,0.347682,NA,NA,1023.02772727273,9.29490410958904,5,NA
"313","kelloggcorn",313,0.34774,NA,NA,1023.02772727273,9.29490410958904,5,NA
"314","kelloggcorn",314,0.347824,NA,NA,1023.02772727273,9.29490410958904,5,NA
"315","kelloggcorn",315,0.347872,NA,NA,1023.02772727273,9.29490410958904,5,NA
"316","kelloggcorn",316,0.347932,NA,NA,1023.02772727273,9.29490410958904,5,NA
"317","kelloggcorn",317,0.348068,NA,NA,1023.02772727273,9.29490410958904,5,NA
"318","kelloggcorn",318,0.348304,NA,NA,1023.02772727273,9.29490410958904,5,NA
"319","kelloggcorn",319,0.348582,NA,NA,1023.02772727273,9.29490410958904,5,NA
"320","kelloggcorn",320,0.34881,NA,NA,1023.02772727273,9.29490410958904,5,NA
"321","kelloggcorn",321,0.348888,NA,NA,1023.02772727273,9.29490410958904,5,NA
"322","kelloggcorn",322,0.348894,NA,NA,1023.02772727273,9.29490410958904,5,NA
"323","kelloggcorn",323,0.34895,NA,NA,1023.02772727273,9.29490410958904,5,NA
"324","kelloggcorn",324,0.349078,NA,NA,1023.02772727273,9.29490410958904,5,NA
"325","kelloggcorn",325,0.349206,NA,NA,1023.02772727273,9.29490410958904,5,NA
"326","kelloggcorn",326,0.349266,NA,NA,1023.02772727273,9.29490410958904,5,NA
"327","kelloggcorn",327,0.349352,NA,NA,1023.02772727273,9.29490410958904,5,NA
"328","kelloggcorn",328,0.349526,NA,NA,1023.02772727273,9.29490410958904,5,NA
"329","kelloggcorn",329,0.349826,NA,NA,1023.02772727273,9.29490410958904,5,NA
"330","kelloggcorn",330,0.350228,NA,NA,1023.02772727273,9.29490410958904,5,NA
"331","kelloggcorn",331,0.350522,NA,NA,1023.02772727273,9.29490410958904,5,NA
"332","kelloggcorn",332,0.350516,NA,NA,1023.02772727273,9.29490410958904,5,NA
"333","kelloggcorn",333,0.3502,NA,NA,1023.02772727273,9.29490410958904,5,NA
"334","kelloggcorn",334,0.349812,NA,NA,1023.02772727273,9.29490410958904,5,NA
"335","kelloggcorn",335,0.349548,NA,NA,1023.02772727273,9.29490410958904,5,NA
"336","kelloggcorn",336,0.349084,NA,NA,1023.02772727273,9.29490410958904,5,NA
"337","kelloggcorn",337,0.348538,NA,NA,1023.02772727273,9.29490410958904,5,NA
"338","kelloggcorn",338,0.348296,NA,NA,1023.02772727273,9.29490410958904,5,NA
"339","kelloggcorn",339,0.348384,NA,NA,1023.02772727273,9.29490410958904,5,NA
"340","kelloggcorn",340,0.348768,NA,NA,1023.02772727273,9.29490410958904,5,NA
"341","kelloggcorn",341,0.349252,NA,NA,1023.02772727273,9.29490410958904,5,NA
"342","kelloggcorn",342,0.349732,NA,NA,1023.02772727273,9.29490410958904,5,NA
"343","kelloggcorn",343,0.350196,NA,NA,1023.02772727273,9.29490410958904,5,NA
"344","kelloggcorn",344,0.350606,NA,NA,1023.02772727273,9.29490410958904,5,NA
"345","kelloggcorn",345,0.350832,NA,NA,1023.02772727273,9.29490410958904,5,NA
"346","kelloggcorn",346,0.350784,NA,NA,1023.02772727273,9.29490410958904,5,NA
"347","kelloggcorn",347,0.350608,NA,NA,1023.02772727273,9.29490410958904,5,NA
"348","kelloggcorn",348,0.350474,NA,NA,1023.02772727273,9.29490410958904,5,NA
"349","kelloggcorn",349,0.350386,NA,NA,1023.02772727273,9.29490410958904,5,NA
"350","kelloggcorn",350,0.350216,NA,NA,1023.02772727273,9.29490410958904,5,NA
"351","kelloggcorn",351,0.349948,NA,NA,1023.02772727273,9.29490410958904,5,NA
"352","kelloggcorn",352,0.349684,NA,NA,1023.02772727273,9.29490410958904,5,NA
"353","kelloggcorn",353,0.349474,NA,NA,1023.02772727273,9.29490410958904,5,NA
"354","kelloggcorn",354,0.349326,NA,NA,1023.02772727273,9.29490410958904,5,NA
"355","kelloggcorn",355,0.349282,NA,NA,1023.02772727273,9.29490410958904,5,NA
"356","kelloggcorn",356,0.349358,NA,NA,1023.02772727273,9.29490410958904,5,NA
"357","kelloggcorn",357,0.349444,NA,NA,1023.02772727273,9.29490410958904,5,NA
"358","kelloggcorn",358,0.349508,NA,NA,1023.02772727273,9.29490410958904,5,NA
"359","kelloggcorn",359,0.34962,NA,NA,1023.02772727273,9.29490410958904,5,NA
"360","kelloggcorn",360,0.349774,NA,NA,1023.02772727273,9.29490410958904,5,NA
"361","kelloggcorn",361,0.349852,NA,NA,1023.02772727273,9.29490410958904,5,NA
"362","kelloggcorn",362,0.349782,NA,NA,1023.02772727273,9.29490410958904,5,NA
"363","kelloggcorn",363,0.349554,NA,NA,1023.02772727273,9.29490410958904,5,NA
"364","kelloggcorn",364,0.349168,NA,NA,1023.02772727273,9.29490410958904,5,NA
"365","kelloggcorn",365,0.349022,NA,NA,1023.02772727273,9.29490410958904,5,NA
